Version: 1
Lighting:
  Ambient: '0, 0, 0, 1'
  AccurateVolumes: 0
  Bounces: 2
  DistanceThreshold: 80
  EnableColor: 0
  EnableOcclusion: 1
  Falloff: 0.1
  MaxValue: 1
  Multiplier: 1
  Radius: 20
  Reflectance: 0.225
  Multithread: 1
Segments: []
Sides: []
Walls: []
CameraPosition: '68.23609, -150.90715, 42.124855'
CameraTarget: '85.9466, -91.94063, 28.162792'
CameraUp: '0.9427725, -0.31134278, -0.11935523'
