Version: 1
Lighting:
  Ambient: '0, 0, 0, 1'
  AccurateVolumes: 0
  Bounces: 2
  DistanceThreshold: 80
  EnableColor: 0
  EnableOcclusion: 1
  Falloff: 0.1
  MaxValue: 1
  Multiplier: 1
  Radius: 20
  Reflectance: 0.225
  Multithread: 1
Segments: []
Sides: []
Walls: []
CameraPosition: '275.3423, -54.539547, 17.712841'
CameraTarget: '212.24742, -69.65212, 17.960321'
CameraUp: '0.22028135, -0.9143571, 0.33974573'
